0.700, -1.953e-5
0.701, -1.891e-5
0.702, -1.833e-5
0.703, -1.778e-5
0.704, -1.725e-5
0.705, -1.677e-5
0.706, -1.631e-5
0.707, -1.584e-5
0.708, -1.537e-5
0.709, -1.494e-5
0.710, -1.452e-5
0.711, -1.411e-5
0.712, -1.372e-5
0.713, -1.332e-5
0.714, -1.292e-5
0.715, -1.256e-5
0.716, -1.220e-5
0.717, -1.185e-5
0.718, -1.151e-5
0.719, -1.117e-5
0.720, -1.083e-5
0.721, -1.050e-5
0.722, -1.018e-5
0.723, -9.875e-6
0.724, -9.576e-6
0.725, -9.268e-6
0.726, -8.958e-6
0.727, -8.661e-6
0.728, -8.377e-6
0.729, -8.097e-6
0.730, -7.826e-6
0.731, -7.540e-6
0.732, -7.246e-6
0.733, -6.948e-6
0.734, -6.662e-6
0.735, -6.397e-6
0.736, -6.145e-6
0.737, -5.881e-6
0.738, -5.602e-6
0.739, -5.329e-6
0.740, -5.066e-6
0.741, -4.807e-6
0.742, -4.543e-6
0.743, -4.271e-6
0.744, -3.994e-6
0.745, -3.716e-6
0.746, -3.452e-6
0.747, -3.208e-6
0.748, -2.959e-6
0.749, -2.691e-6
0.750, -2.424e-6
0.751, -2.146e-6
0.752, -1.869e-6
0.753, -1.610e-6
0.754, -1.346e-6
0.755, -1.078e-6
0.756, -7.908e-7
0.757, -5.101e-7
0.758, -2.368e-7
0.759, 3.826e-8
0.760, 3.030e-7
0.761, 5.885e-7
0.762, 8.872e-7
0.763, 1.180e-6
0.764, 1.474e-6
0.765, 1.761e-6
0.766, 2.041e-6
0.767, 2.340e-6
0.768, 2.675e-6
0.769, 2.991e-6
0.770, 3.303e-6
0.771, 3.604e-6
0.772, 3.921e-6
0.773, 4.235e-6
0.774, 4.564e-6
0.775, 4.894e-6
0.776, 5.226e-6
0.777, 5.563e-6
0.778, 5.900e-6
0.779, 6.242e-6
0.780, 6.616e-6
0.781, 6.979e-6
0.782, 7.324e-6
0.783, 7.672e-6
0.784, 8.030e-6
0.785, 8.396e-6
0.786, 8.797e-6
0.787, 9.196e-6
0.788, 9.590e-6
0.789, 9.975e-6
0.790, 1.037e-5
0.791, 1.078e-5
0.792, 1.120e-5
0.793, 1.163e-5
0.794, 1.207e-5
0.795, 1.249e-5
0.796, 1.292e-5
0.797, 1.336e-5
0.798, 1.383e-5
0.799, 1.430e-5
0.800, 1.477e-5
0.801, 1.522e-5
0.802, 1.568e-5
0.803, 1.616e-5
0.804, 1.665e-5
0.805, 1.715e-5
0.806, 1.766e-5
0.807, 1.817e-5
0.808, 1.867e-5
0.809, 1.921e-5
0.810, 1.976e-5
0.811, 2.031e-5
0.812, 2.085e-5
0.813, 2.140e-5
0.814, 2.195e-5
0.815, 2.253e-5
0.816, 2.312e-5
0.817, 2.372e-5
0.818, 2.432e-5
0.819, 2.494e-5
0.820, 2.555e-5
0.821, 2.616e-5
0.822, 2.681e-5
0.823, 2.746e-5
0.824, 2.810e-5
0.825, 2.875e-5
0.826, 2.939e-5
0.827, 3.005e-5
0.828, 3.074e-5
0.829, 3.140e-5
0.830, 3.208e-5
0.831, 3.279e-5
0.832, 3.348e-5
0.833, 3.420e-5
0.834, 3.494e-5
0.835, 3.568e-5
0.836, 3.642e-5
0.837, 3.715e-5
0.838, 3.789e-5
0.839, 3.864e-5
0.840, 3.941e-5
0.841, 4.022e-5
0.842, 4.101e-5
0.843, 4.178e-5
0.844, 4.258e-5
0.845, 4.338e-5
0.846, 4.419e-5
0.847, 4.503e-5
0.848, 4.588e-5
0.849, 4.671e-5
0.850, 4.754e-5
0.851, 4.839e-5
0.852, 4.925e-5
0.853, 5.012e-5
0.854, 5.102e-5
0.855, 5.190e-5
0.856, 5.276e-5
0.857, 5.364e-5
0.858, 5.453e-5
0.859, 5.543e-5
0.860, 5.636e-5
0.861, 5.727e-5
0.862, 5.817e-5
0.863, 5.909e-5
0.864, 6.003e-5
0.865, 6.101e-5
0.866, 6.195e-5
0.867, 6.289e-5
0.868, 6.384e-5
0.869, 6.479e-5
0.870, 6.578e-5
0.871, 6.679e-5
0.872, 6.776e-5
0.873, 6.874e-5
0.874, 6.972e-5
0.875, 7.069e-5
0.876, 7.170e-5
0.877, 7.271e-5
0.878, 7.373e-5
0.879, 7.476e-5
0.880, 7.577e-5
0.881, 7.678e-5
0.882, 7.780e-5
0.883, 7.881e-5
0.884, 7.988e-5
0.885, 8.089e-5
0.886, 8.189e-5
0.887, 8.292e-5
0.888, 8.394e-5
0.889, 8.501e-5
0.890, 8.607e-5
0.891, 8.712e-5
0.892, 8.817e-5
0.893, 8.920e-5
0.894, 9.026e-5
0.895, 9.135e-5
0.896, 9.241e-5
0.897, 9.348e-5
0.898, 9.452e-5
0.899, 9.557e-5
0.900, 9.669e-5
0.901, 9.778e-5
0.902, 9.890e-5
0.903, 1.000e-4
0.904, 1.011e-4
0.905, 1.022e-4
0.906, 1.034e-4
0.907, 1.045e-4
0.908, 1.056e-4
0.909, 1.068e-4
0.910, 1.079e-4
0.911, 1.090e-4
0.912, 1.101e-4
0.913, 1.112e-4
0.914, 1.123e-4
0.915, 1.134e-4
0.916, 1.145e-4
0.917, 1.156e-4
0.918, 1.167e-4
0.919, 1.178e-4
0.920, 1.189e-4
0.921, 1.200e-4
0.922, 1.211e-4
0.923, 1.222e-4
0.924, 1.234e-4
0.925, 1.245e-4
0.926, 1.257e-4
0.927, 1.268e-4
0.928, 1.279e-4
0.929, 1.290e-4
0.930, 1.301e-4
0.931, 1.313e-4
0.932, 1.325e-4
0.933, 1.336e-4
0.934, 1.348e-4
0.935, 1.359e-4
0.936, 1.370e-4
0.937, 1.382e-4
0.938, 1.394e-4
0.939, 1.406e-4
0.940, 1.418e-4
0.941, 1.429e-4
0.942, 1.441e-4
0.943, 1.453e-4
0.944, 1.465e-4
0.945, 1.477e-4
0.946, 1.488e-4
0.947, 1.500e-4
0.948, 1.512e-4
0.949, 1.523e-4
0.950, 1.536e-4
0.951, 1.548e-4
0.952, 1.559e-4
0.953, 1.571e-4
0.954, 1.582e-4
0.955, 1.594e-4
0.956, 1.606e-4
0.957, 1.618e-4
0.958, 1.630e-4
0.959, 1.641e-4
0.960, 1.652e-4
0.961, 1.664e-4
0.962, 1.675e-4
0.963, 1.687e-4
0.964, 1.698e-4
0.965, 1.709e-4
0.966, 1.721e-4
0.967, 1.732e-4
0.968, 1.743e-4
0.969, 1.754e-4
0.970, 1.766e-4
0.971, 1.776e-4
0.972, 1.787e-4
0.973, 1.798e-4
0.974, 1.809e-4
0.975, 1.820e-4
0.976, 1.831e-4
0.977, 1.841e-4
0.978, 1.851e-4
0.979, 1.862e-4
0.980, 1.872e-4
0.981, 1.882e-4
0.982, 1.893e-4
0.983, 1.902e-4
0.984, 1.912e-4
0.985, 1.921e-4
0.986, 1.931e-4
0.987, 1.940e-4
0.988, 1.949e-4
0.989, 1.958e-4
0.990, 1.967e-4
0.991, 1.976e-4
0.992, 1.985e-4
0.993, 1.995e-4
0.994, 2.003e-4
0.995, 2.012e-4
0.996, 2.020e-4
0.997, 2.029e-4
0.998, 2.037e-4
0.999, 2.046e-4
1.000, 2.054e-4
1.001, 2.062e-4
1.002, 2.070e-4
1.003, 2.078e-4
1.004, 2.086e-4
1.005, 2.094e-4
1.006, 2.102e-4
1.007, 2.110e-4
1.008, 2.117e-4
1.009, 2.124e-4
1.010, 2.132e-4
1.011, 2.140e-4
1.012, 2.147e-4
1.013, 2.154e-4
1.014, 2.161e-4
1.015, 2.169e-4
1.016, 2.176e-4
1.017, 2.184e-4
1.018, 2.191e-4
1.019, 2.198e-4
1.020, 2.205e-4
1.021, 2.213e-4
1.022, 2.220e-4
1.023, 2.228e-4
1.024, 2.235e-4
1.025, 2.243e-4
1.026, 2.250e-4
1.027, 2.257e-4
1.028, 2.265e-4
1.029, 2.272e-4
1.030, 2.280e-4
1.031, 2.287e-4
1.032, 2.294e-4
1.033, 2.302e-4
1.034, 2.310e-4
1.035, 2.318e-4
1.036, 2.326e-4
1.037, 2.334e-4
1.038, 2.341e-4
1.039, 2.349e-4
1.040, 2.358e-4
1.041, 2.366e-4
1.042, 2.375e-4
1.043, 2.383e-4
1.044, 2.391e-4
1.045, 2.399e-4
1.046, 2.408e-4
1.047, 2.417e-4
1.048, 2.425e-4
1.049, 2.434e-4
1.050, 2.442e-4
1.051, 2.451e-4
1.052, 2.460e-4
1.053, 2.470e-4
1.054, 2.479e-4
1.055, 2.488e-4
1.056, 2.496e-4
1.057, 2.505e-4
1.058, 2.515e-4
1.059, 2.524e-4
1.060, 2.534e-4
1.061, 2.542e-4
1.062, 2.551e-4
1.063, 2.561e-4
1.064, 2.570e-4
1.065, 2.580e-4
1.066, 2.589e-4
1.067, 2.598e-4
1.068, 2.607e-4
1.069, 2.616e-4
1.070, 2.626e-4
1.071, 2.635e-4
1.072, 2.644e-4
1.073, 2.653e-4
1.074, 2.662e-4
1.075, 2.671e-4
1.076, 2.680e-4
1.077, 2.689e-4
1.078, 2.697e-4
1.079, 2.706e-4
1.080, 2.713e-4
1.081, 2.721e-4
1.082, 2.729e-4
1.083, 2.737e-4
1.084, 2.745e-4
1.085, 2.752e-4
1.086, 2.759e-4
1.087, 2.766e-4
1.088, 2.772e-4
1.089, 2.779e-4
1.090, 2.786e-4
1.091, 2.791e-4
1.092, 2.797e-4
1.093, 2.802e-4
1.094, 2.807e-4
1.095, 2.813e-4
1.096, 2.817e-4
1.097, 2.821e-4
1.098, 2.824e-4
1.099, 2.827e-4
1.100, 2.830e-4
1.101, 2.832e-4
1.102, 2.834e-4
1.103, 2.835e-4
1.104, 2.836e-4
1.105, 2.836e-4
1.106, 2.836e-4
1.107, 2.835e-4
1.108, 2.834e-4
1.109, 2.831e-4
1.110, 2.828e-4
1.111, 2.825e-4
1.112, 2.821e-4
1.113, 2.816e-4
1.114, 2.811e-4
1.115, 2.804e-4
1.116, 2.797e-4
1.117, 2.790e-4
1.118, 2.782e-4
1.119, 2.773e-4
1.120, 2.763e-4
1.121, 2.753e-4
1.122, 2.741e-4
1.123, 2.729e-4
1.124, 2.717e-4
1.125, 2.704e-4
1.126, 2.690e-4
1.127, 2.676e-4
1.128, 2.660e-4
1.129, 2.644e-4
1.130, 2.628e-4
1.131, 2.611e-4
1.132, 2.593e-4
1.133, 2.575e-4
1.134, 2.555e-4
1.135, 2.536e-4
1.136, 2.516e-4
1.137, 2.496e-4
1.138, 2.474e-4
1.139, 2.452e-4
1.140, 2.430e-4
1.141, 2.407e-4
1.142, 2.384e-4
1.143, 2.361e-4
1.144, 2.336e-4
1.145, 2.311e-4
1.146, 2.286e-4
1.147, 2.260e-4
1.148, 2.235e-4
1.149, 2.209e-4
1.150, 2.182e-4
1.151, 2.156e-4
1.152, 2.128e-4
1.153, 2.103e-4
1.154, 2.077e-4
1.155, 2.052e-4
1.156, 2.027e-4
1.157, 2.001e-4
1.158, 1.975e-4
1.159, 1.949e-4
1.160, 1.923e-4
1.161, 1.898e-4
1.162, 1.872e-4
1.163, 1.845e-4
1.164, 1.819e-4
1.165, 1.792e-4
1.166, 1.766e-4
1.167, 1.741e-4
1.168, 1.715e-4
1.169, 1.690e-4
1.170, 1.664e-4
1.171, 1.639e-4
1.172, 1.615e-4
1.173, 1.590e-4
1.174, 1.566e-4
1.175, 1.543e-4
1.176, 1.519e-4
1.177, 1.496e-4
1.178, 1.474e-4
1.179, 1.452e-4
1.180, 1.431e-4
1.181, 1.409e-4
1.182, 1.388e-4
1.183, 1.368e-4
1.184, 1.348e-4
1.185, 1.329e-4
1.186, 1.311e-4
1.187, 1.292e-4
1.188, 1.274e-4
1.189, 1.256e-4
1.190, 1.240e-4
1.191, 1.223e-4
1.192, 1.207e-4
1.193, 1.191e-4
1.194, 1.176e-4
1.195, 1.161e-4
1.196, 1.147e-4
1.197, 1.133e-4
1.198, 1.120e-4
1.199, 1.107e-4
1.200, 1.065e-4
1.199, 9.853e-5
1.198, 9.176e-5
1.197, 8.580e-5
1.196, 8.046e-5
1.195, 7.564e-5
1.194, 7.116e-5
1.193, 6.710e-5
1.192, 6.337e-5
1.191, 5.986e-5
1.190, 5.660e-5
1.189, 5.353e-5
1.188, 5.060e-5
1.187, 4.786e-5
1.186, 4.526e-5
1.185, 4.281e-5
1.184, 4.047e-5
1.183, 3.820e-5
1.182, 3.607e-5
1.181, 3.401e-5
1.180, 3.203e-5
1.179, 3.022e-5
1.178, 2.837e-5
1.177, 2.657e-5
1.176, 2.487e-5
1.175, 2.323e-5
1.174, 2.166e-5
1.173, 2.016e-5
1.172, 1.866e-5
1.171, 1.721e-5
1.170, 1.580e-5
1.169, 1.445e-5
1.168, 1.313e-5
1.167, 1.184e-5
1.166, 1.058e-5
1.165, 9.320e-6
1.164, 8.072e-6
1.163, 6.928e-6
1.162, 5.769e-6
1.161, 4.618e-6
1.160, 3.507e-6
1.159, 2.352e-6
1.158, 1.240e-6
1.157, 1.659e-7
1.156, -8.873e-7
1.155, -1.934e-6
1.154, -2.980e-6
1.153, -4.026e-6
1.152, -5.074e-6
1.151, -6.092e-6
1.150, -7.078e-6
1.149, -8.097e-6
1.148, -9.089e-6
1.147, -1.008e-5
1.146, -1.110e-5
1.145, -1.209e-5
1.144, -1.302e-5
1.143, -1.400e-5
1.142, -1.497e-5
1.141, -1.596e-5
1.140, -1.693e-5
1.139, -1.786e-5
1.138, -1.882e-5
1.137, -1.975e-5
1.136, -2.072e-5
1.135, -2.171e-5
1.134, -2.267e-5
1.133, -2.362e-5
1.132, -2.456e-5
1.131, -2.546e-5
1.130, -2.646e-5
1.129, -2.746e-5
1.128, -2.844e-5
1.127, -2.942e-5
1.126, -3.034e-5
1.125, -3.128e-5
1.124, -3.228e-5
1.123, -3.327e-5
1.122, -3.430e-5
1.121, -3.528e-5
1.120, -3.623e-5
1.119, -3.724e-5
1.118, -3.824e-5
1.117, -3.930e-5
1.116, -4.036e-5
1.115, -4.136e-5
1.114, -4.240e-5
1.113, -4.343e-5
1.112, -4.446e-5
1.111, -4.558e-5
1.110, -4.669e-5
1.109, -4.777e-5
1.108, -4.883e-5
1.107, -4.986e-5
1.106, -5.095e-5
1.105, -5.206e-5
1.104, -5.316e-5
1.103, -5.426e-5
1.102, -5.531e-5
1.101, -5.640e-5
1.100, -5.751e-5
1.099, -5.864e-5
1.098, -5.981e-5
1.097, -6.095e-5
1.096, -6.205e-5
1.095, -6.319e-5
1.094, -6.433e-5
1.093, -6.550e-5
1.092, -6.668e-5
1.091, -6.783e-5
1.090, -6.898e-5
1.089, -7.012e-5
1.088, -7.129e-5
1.087, -7.250e-5
1.086, -7.370e-5
1.085, -7.493e-5
1.084, -7.615e-5
1.083, -7.733e-5
1.082, -7.858e-5
1.081, -7.986e-5
1.080, -8.110e-5
1.079, -8.241e-5
1.078, -8.368e-5
1.077, -8.496e-5
1.076, -8.628e-5
1.075, -8.764e-5
1.074, -8.897e-5
1.073, -9.027e-5
1.072, -9.155e-5
1.071, -9.286e-5
1.070, -9.417e-5
1.069, -9.555e-5
1.068, -9.691e-5
1.067, -9.822e-5
1.066, -9.957e-5
1.065, -1.009e-4
1.064, -1.023e-4
1.063, -1.037e-4
1.062, -1.050e-4
1.061, -1.064e-4
1.060, -1.078e-4
1.059, -1.093e-4
1.058, -1.107e-4
1.057, -1.122e-4
1.056, -1.137e-4
1.055, -1.152e-4
1.054, -1.166e-4
1.053, -1.181e-4
1.052, -1.196e-4
1.051, -1.211e-4
1.050, -1.226e-4
1.049, -1.242e-4
1.048, -1.257e-4
1.047, -1.272e-4
1.046, -1.288e-4
1.045, -1.305e-4
1.044, -1.321e-4
1.043, -1.337e-4
1.042, -1.353e-4
1.041, -1.369e-4
1.040, -1.386e-4
1.039, -1.403e-4
1.038, -1.420e-4
1.037, -1.436e-4
1.036, -1.453e-4
1.035, -1.469e-4
1.034, -1.487e-4
1.033, -1.504e-4
1.032, -1.521e-4
1.031, -1.538e-4
1.030, -1.555e-4
1.029, -1.572e-4
1.028, -1.589e-4
1.027, -1.606e-4
1.026, -1.623e-4
1.025, -1.640e-4
1.024, -1.657e-4
1.023, -1.674e-4
1.022, -1.690e-4
1.021, -1.707e-4
1.020, -1.724e-4
1.019, -1.740e-4
1.018, -1.756e-4
1.017, -1.772e-4
1.016, -1.788e-4
1.015, -1.804e-4
1.014, -1.820e-4
1.013, -1.835e-4
1.012, -1.851e-4
1.011, -1.865e-4
1.010, -1.880e-4
1.009, -1.895e-4
1.008, -1.910e-4
1.007, -1.924e-4
1.006, -1.937e-4
1.005, -1.951e-4
1.004, -1.964e-4
1.003, -1.977e-4
1.002, -1.990e-4
1.001, -2.003e-4
1.000, -2.014e-4
0.999, -2.026e-4
0.998, -2.037e-4
0.997, -2.049e-4
0.996, -2.060e-4
0.995, -2.070e-4
0.994, -2.079e-4
0.993, -2.089e-4
0.992, -2.098e-4
0.991, -2.107e-4
0.990, -2.115e-4
0.989, -2.123e-4
0.988, -2.131e-4
0.987, -2.137e-4
0.986, -2.144e-4
0.985, -2.150e-4
0.984, -2.156e-4
0.983, -2.162e-4
0.982, -2.166e-4
0.981, -2.170e-4
0.980, -2.174e-4
0.979, -2.178e-4
0.978, -2.182e-4
0.977, -2.184e-4
0.976, -2.186e-4
0.975, -2.188e-4
0.974, -2.189e-4
0.973, -2.191e-4
0.972, -2.192e-4
0.971, -2.192e-4
0.970, -2.192e-4
0.969, -2.191e-4
0.968, -2.190e-4
0.967, -2.189e-4
0.966, -2.187e-4
0.965, -2.185e-4
0.964, -2.182e-4
0.963, -2.179e-4
0.962, -2.176e-4
0.961, -2.173e-4
0.960, -2.169e-4
0.959, -2.165e-4
0.958, -2.160e-4
0.957, -2.155e-4
0.956, -2.149e-4
0.955, -2.144e-4
0.954, -2.138e-4
0.953, -2.132e-4
0.952, -2.125e-4
0.951, -2.119e-4
0.950, -2.112e-4
0.949, -2.105e-4
0.948, -2.098e-4
0.947, -2.090e-4
0.946, -2.082e-4
0.945, -2.074e-4
0.944, -2.066e-4
0.943, -2.058e-4
0.942, -2.049e-4
0.941, -2.040e-4
0.940, -2.031e-4
0.939, -2.022e-4
0.938, -2.013e-4
0.937, -2.005e-4
0.936, -1.995e-4
0.935, -1.986e-4
0.934, -1.976e-4
0.933, -1.967e-4
0.932, -1.958e-4
0.931, -1.948e-4
0.930, -1.939e-4
0.929, -1.930e-4
0.928, -1.920e-4
0.927, -1.910e-4
0.926, -1.901e-4
0.925, -1.892e-4
0.924, -1.883e-4
0.923, -1.873e-4
0.922, -1.864e-4
0.921, -1.854e-4
0.920, -1.845e-4
0.919, -1.836e-4
0.918, -1.827e-4
0.917, -1.818e-4
0.916, -1.809e-4
0.915, -1.800e-4
0.914, -1.791e-4
0.913, -1.783e-4
0.912, -1.775e-4
0.911, -1.766e-4
0.910, -1.757e-4
0.909, -1.749e-4
0.908, -1.741e-4
0.907, -1.733e-4
0.906, -1.725e-4
0.905, -1.717e-4
0.904, -1.709e-4
0.903, -1.702e-4
0.902, -1.694e-4
0.901, -1.687e-4
0.900, -1.680e-4
0.899, -1.672e-4
0.898, -1.665e-4
0.897, -1.658e-4
0.896, -1.651e-4
0.895, -1.644e-4
0.894, -1.637e-4
0.893, -1.630e-4
0.892, -1.624e-4
0.891, -1.617e-4
0.890, -1.610e-4
0.889, -1.604e-4
0.888, -1.598e-4
0.887, -1.591e-4
0.886, -1.585e-4
0.885, -1.579e-4
0.884, -1.573e-4
0.883, -1.567e-4
0.882, -1.561e-4
0.881, -1.555e-4
0.880, -1.549e-4
0.879, -1.543e-4
0.878, -1.537e-4
0.877, -1.531e-4
0.876, -1.526e-4
0.875, -1.520e-4
0.874, -1.514e-4
0.873, -1.508e-4
0.872, -1.503e-4
0.871, -1.498e-4
0.870, -1.492e-4
0.869, -1.487e-4
0.868, -1.481e-4
0.867, -1.475e-4
0.866, -1.470e-4
0.865, -1.464e-4
0.864, -1.459e-4
0.863, -1.453e-4
0.862, -1.447e-4
0.861, -1.441e-4
0.860, -1.436e-4
0.859, -1.430e-4
0.858, -1.425e-4
0.857, -1.419e-4
0.856, -1.413e-4
0.855, -1.408e-4
0.854, -1.402e-4
0.853, -1.396e-4
0.852, -1.391e-4
0.851, -1.385e-4
0.850, -1.379e-4
0.849, -1.373e-4
0.848, -1.367e-4
0.847, -1.361e-4
0.846, -1.355e-4
0.845, -1.349e-4
0.844, -1.343e-4
0.843, -1.336e-4
0.842, -1.330e-4
0.841, -1.324e-4
0.840, -1.318e-4
0.839, -1.312e-4
0.838, -1.305e-4
0.837, -1.299e-4
0.836, -1.292e-4
0.835, -1.286e-4
0.834, -1.280e-4
0.833, -1.273e-4
0.832, -1.266e-4
0.831, -1.260e-4
0.830, -1.253e-4
0.829, -1.247e-4
0.828, -1.240e-4
0.827, -1.233e-4
0.826, -1.226e-4
0.825, -1.219e-4
0.824, -1.213e-4
0.823, -1.206e-4
0.822, -1.200e-4
0.821, -1.192e-4
0.820, -1.185e-4
0.819, -1.178e-4
0.818, -1.171e-4
0.817, -1.164e-4
0.816, -1.157e-4
0.815, -1.150e-4
0.814, -1.142e-4
0.813, -1.135e-4
0.812, -1.127e-4
0.811, -1.120e-4
0.810, -1.113e-4
0.809, -1.105e-4
0.808, -1.098e-4
0.807, -1.090e-4
0.806, -1.083e-4
0.805, -1.075e-4
0.804, -1.068e-4
0.803, -1.060e-4
0.802, -1.052e-4
0.801, -1.045e-4
0.800, -1.037e-4
0.799, -1.030e-4
0.798, -1.022e-4
0.797, -1.015e-4
0.796, -1.007e-4
0.795, -9.989e-5
0.794, -9.914e-5
0.793, -9.840e-5
0.792, -9.762e-5
0.791, -9.687e-5
0.790, -9.610e-5
0.789, -9.531e-5
0.788, -9.454e-5
0.787, -9.379e-5
0.786, -9.304e-5
0.785, -9.227e-5
0.784, -9.152e-5
0.783, -9.077e-5
0.782, -9.000e-5
0.781, -8.925e-5
0.780, -8.853e-5
0.779, -8.776e-5
0.778, -8.701e-5
0.777, -8.625e-5
0.776, -8.550e-5
0.775, -8.477e-5
0.774, -8.404e-5
0.773, -8.330e-5
0.772, -8.253e-5
0.771, -8.178e-5
0.770, -8.106e-5
0.769, -8.036e-5
0.768, -7.966e-5
0.767, -7.894e-5
0.766, -7.822e-5
0.765, -7.752e-5
0.764, -7.682e-5
0.763, -7.612e-5
0.762, -7.544e-5
0.761, -7.475e-5
0.760, -7.403e-5
0.759, -7.334e-5
0.758, -7.266e-5
0.757, -7.200e-5
0.756, -7.133e-5
0.755, -7.066e-5
0.754, -6.998e-5
0.753, -6.931e-5
0.752, -6.866e-5
0.751, -6.802e-5
0.750, -6.739e-5
0.749, -6.677e-5
0.748, -6.611e-5
0.747, -6.547e-5
0.746, -6.485e-5
0.745, -6.424e-5
0.744, -6.364e-5
0.743, -6.304e-5
0.742, -6.243e-5
0.741, -6.182e-5
0.740, -6.122e-5
0.739, -6.063e-5
0.738, -6.005e-5
0.737, -5.948e-5
0.736, -5.891e-5
0.735, -5.832e-5
0.734, -5.773e-5
0.733, -5.718e-5
0.732, -5.664e-5
0.731, -5.608e-5
0.730, -5.554e-5
0.729, -5.500e-5
0.728, -5.445e-5
0.727, -5.393e-5
0.726, -5.342e-5
0.725, -5.290e-5
0.724, -5.238e-5
0.723, -5.186e-5
0.722, -5.134e-5
0.721, -5.085e-5
0.720, -5.036e-5
0.719, -4.987e-5
0.718, -4.937e-5
0.717, -4.888e-5
0.716, -4.842e-5
0.715, -4.795e-5
0.714, -4.749e-5
0.713, -4.702e-5
0.712, -4.655e-5
0.711, -4.608e-5
0.710, -4.563e-5
0.709, -4.519e-5
0.708, -4.476e-5
0.707, -4.433e-5
0.706, -4.389e-5
0.705, -4.346e-5
0.704, -4.305e-5
0.703, -4.263e-5
0.702, -4.222e-5
0.701, -4.181e-5
